145836
144104
145417
146117
143688
144606
143185
144941
145342
145565
147182
146175
146588
145453
144593
143731
144550
145754
146576
146773
147077
148315
147657
148639
148481
149329
150203
148801
149663
150890
150925
152757
151976
152561
153237
154205
156034
156966
157568
159408
159583
159722
162558
161857
163224
163017
164133
165132
167339
168904
168970
169292
171504
170616
171520
172923
171219
174881
175873
176221
179150
180162
180347
182468
181619
183041
182349
183358
185049
184577
185694
186210
186225
188766
190015
188745
189756
189746
191283
191798
191767
193877
193771
194367
195835
196449
195803
195510
194773
197462
197088
197184
197056
196551
196882
195780
196672
199765
197870
197188
196612
195725
196295
195563
195875
195142
194222
195171
192539
192739
193059
190590
191570
190991
191319
191316
189611
189357
188999
189189
187798
186483
184012
186676
184736
184685
183632
181444
181109
180031
179217
179108
175218
176234
177029
175198
175458
171736
170983
170392
168342
167852
166189
166215
167463
165493
163469
163064
162370
162227
160674
160002
160054
157893
157285
155833
155087
154406
153034
152265
151893
150216
150808
150940
150353
149525
148884
147913
149425
147826
147721
146982
146487
146352
146058
146875
145649
144189
145684
144081
145889
145428
143950
144157
143720
143764
145165
143419
142200
143497
140919
142687
